34,109
34,108
34,107
34,106
34,105
34,104
34,103
34,102
34,101
34,100
34,99
34,98
34,97
34,96
34,95
34,94
34,93
0,529
36,9
36,8
0,528
0,527
0,526
50,5
50,4
50,3
50,2
50,1
50,0
49,5
49,4
49,3
49,2
49,1
49,0
48,8
48,7
48,6
48,5
48,4
48,3
48,2
48,1
48,0
47,4
47,3
47,2
47,1
47,0
14,7
46,5
46,4
46,3
46,2
46,1
46,0
45,10
45,9
45,8
45,7
45,6
45,5
45,4
45,3
45,2
45,1
45,0
44,6
44,5
44,4
44,3
44,2
44,1
44,0
14,6
43,12
43,11
43,10
43,9
43,8
43,7
43,6
43,5
43,4
43,3
43,2
43,1
43,0
42,7
42,6
42,5
42,4
42,3
42,2
42,1
42,0
41,5
41,4
41,3
41,2
41,1
41,0
40,13
40,12
40,11
40,10
40,9
40,8
40,7
40,6
40,5
40,4
40,3
40,2
40,1
40,0
0,525
0,524
0,523
0,522
0,521
0,520
34,92
0,519
0,518
0,517
0,516
0,515
0,514
0,513
0,512
34,91
0,511
0,510
0,509
0,474
36,7
31,4
32,5
26,5
26,4
25,4
34,2
31,5
35,5
34,0
34,6
39,35
3,2
3,1
3,3
10,112
10,228
10,218
10,88
10,293
10,21
10,156
10,300
11,9
11,19
